4 3
 -6.00  -7.00  -1.00 -45.00
  1.00   0.00   0.00   6.00
  0.00  -1.00   0.00  -1.00
  0.00   1.00   0.00   1.00

 12.00  14.00  10.00 




1 3
-6 -7 -1 -45
12 14 10

res = 90


1 3
-46 -27 -1 -99
183 101 10

385


3 3
-46.00 -27.00  -1.00 -99.00
  0.00   1.00   0.00   3.00
  1.00   0.00   0.00   0.00
183.00 101.00  10.00 

???

1 3
-113 -633 -1 -300356326080
1256 4486 10

2128591594940


1 3
-339 -409 -1 -118506995368
1988 2602 10

694961377394

1 3
-1 -63791 -115281 -450702146848
10 433956 666125


1 3
-10 -8 -1 -63
10 9 10


4 3 
-10.00  -8.00  -1.00 -63.00
  1.00   0.00   0.00   1.00
  0.00  -1.00   0.00  -7.00
 -1.00   0.00   0.00  -1.00
 10.00   9.00  10.00 


3 2
-6379 -11528 -4507021
0 1 400
1 0 0
4 6

1 3
-1 -10 -20 -92
10 90 170


1 2
-10 -20 -92
90 170


1 2
-pack1 -pack2 <= -totSMS
pay1 pay2

